服务器呼叫：
43 43 01 2D 00 08 7D D3 43 43 38 30 30 30 31 30 30 31
应答：
43 43 01 2D 00 08 7E D0 43 43 38 30 30 30 31 30 30 32 0D 0A

服务器校时：
CC0014XXCC80001003160425101112
43 43 30 30 00 14 06 CA 43 43 38 30 30 30 31 30 30 33 31 36 30 34 32 35 31 30 31 31 31 32
应答:
43 43 01 2D 00 08 78 D6 43 43 38 30 30 30 31 30 30 34 0D 0A 

修改站号：
CC0008XXCC90001007
80001 -> 80002
43 43 30 30 00 0D BD 2C 43 43 38 30 30 30 31 30 30 37 38 30 30 30 32
应答：
43 43 01 2D 00 08 74 DA 43 43 38 30 30 30 31 30 30 38 0D 0A 


80002 -> 80001
43 43 30 30 00 0D AB 5C 43 43 38 30 30 30 32 30 30 37 38 30 30 30 31

应答：43 43 01 2D 00 08 84 2A 43 43 38 30 30 30 32 30 30 38 0D 0A 


修改采集间隔
43 43 30 30 00 0A 14 FD 43 43 38 30 30 30 31 30 31 31 30 38 
应答:
43 43 01 2D 00 08 7E 11 43 43 38 30 30 30 31 30 31 32 0D 0A 


修改上报间隔
43 43 30 30 00 0A 75 7C 43 43 38 30 30 30 31 30 31 33 30 38
应答：
43 43 01 2D 00 08 78 17 43 43 38 30 30 30 31 30 31 34 0D 0A 


服务端写入校准信息
43 43 00 00 00 28 17 FE 43 43 38 30 30 30 31 35 30 31 00 03 00 03 00 04 00 04 00 05 00 06  00 05 00 06 00 05 00 06 00 05 00 06 00 07 00 07 00 07 00 07

应答：
43 43 01 2D 00 09 58 83 43 43 38 30 30 30 31 35 30 30 00 0D 0A 


配置参数：
43 43 00 00 00 17 22 38 43 43 38 30 30 30 31 35 30 32 38 30 30 30 32 00 09 00 0A 00 00 00 00 00 00

应答：
43 43 01 2D 00 09 99 83 43 43 38 30 30 30 31 35 30 30 01 0D 0A 

80002 -> 80001
43 43 00 00 00 17 69 DC 43 43 38 30 30 30 32 35 30 32 38 30 30 30 31 00 09 00 0A 00 00 00 00 00 00
应答：
43 43 01 2D 00 09 DD 73 43 43 38 30 30 30 32 35 30 30 01 0D 0A 

请求软件版本号：
CC0008XXCC90001019
43 43 30 30 00 08 B5 1B 43 43 38 30 30 30 31 30 31 39 
应答：
43 43 01 2D 00 0A B5 29 43 43 38 30 30 30 31 30 32 30 01 2D 0D 0A 


数据回调分钟：
43 43 30 30 00 12 83 EE 43 43 38 30 30 30 31 30 38 31 31 36 30 33 30 31 32 33 33 30 

数据回调小时
43 43 30 30 00 10 F3 93 43 43 38 30 30 30 31 30 38 33 31 36 30 33 30 31 32 33

回调天
43 43 30 30 00 0E F6 EC 43 43 38 30 30 30 31 30 38 35 31 36 30 33 30 31






